34782	1996	0
100331	1996	1
730469	1996	2
824142	1996	3
845779	1996	4
351569	1996	5
826411	1996	6
313368	1996	7
1985	1996	8
2024	1996	9
319120	1996	10
2062	1996	11
2098	1996	12
61478	1996	13
796343	1996	14
722567	1996	15
806086	1996	16
96638	1996	17
785787	1996	18
856164	1996	19
2648	1996	20
785860	1996	21
4977	1996	22
771667	1996	23
700674	1996	24
816159	1996	25
3000	1996	26
812591	1996	27
904255	1996	28
819793	1996	29
3453	1996	30
743532	1996	31
775368	1996	32
3753	1996	33
810995	1996	34
3845	1996	35
850426	1996	36
3906	1996	37
949877	1996	38
774624	1996	39
3952	1996	40
773840	1996	41
839759	1996	42
65873	1996	43
791714	1996	44
90350	1996	45
741339	1996	46
814577	1996	47
813621	1996	48
714756	1996	49
4427	1996	50
4447	1996	51
818789	1996	52
844327	1996	53
4515	1996	54
701803	1996	55
4611	1996	56
4904	1996	57
808378	1996	58
793078	1996	59
4962	1996	60
4969	1996	61
5009	1996	62
25598	1996	63
25600	1996	64
5227	1996	65
724533	1996	66
784014	1996	67
5272	1996	68
725457	1996	69
817900	1996	70
881453	1996	71
5850	1996	72
774487	1996	73
6082	1996	74
318154	1996	75
741559	1996	76
93397	1996	77
6164	1996	78
6176	1996	79
3133	1996	80
720500	1996	81
5320	1996	82
780118	1996	83
6260	1996	84
741561	1996	85
70262	1996	86
6474	1996	87
810589	1996	88
831972	1996	89
52795	1996	90
65695	1996	91
6720	1996	92
719271	1996	93
6769	1996	94
318681	1996	95
311471	1996	96
6879	1996	97
853665	1996	98
810723	1996	99
6951	1996	100
721465	1996	101
49423	1996	102
320678	1996	103
819544	1996	104
225051	1996	105
800082	1996	106
7214	1996	107
894405	1996	108
7323	1996	109
8699	1996	110
7431	1996	111
717538	1996	112
7610	1996	113
7636	1996	114
793961	1996	115
7649	1996	116
789547	1996	117
820774	1996	118
825535	1996	119
7789	1996	120
792987	1996	121
5907	1996	122
812192	1996	123
785857	1996	124
823065	1996	125
8137	1996	126
8192	1996	127
806393	1996	128
811828	1996	129
809875	1996	130
707364	1996	131
807707	1996	132
8462	1996	133
319237	1996	134
833441	1996	135
750004	1996	136
8795	1996	137
8818	1996	138
8868	1996	139
852807	1996	140
9092	1996	141
350750	1996	142
9263	1996	143
795748	1996	144
763697	1996	145
798790	1996	146
796805	1996	147
310614	1996	148
701785	1996	149
740553	1996	150
792334	1996	151
350845	1996	152
705959	1996	153
726927	1996	154
740582	1996	155
751341	1996	156
759831	1996	157
766769	1996	158
9342	1996	159
9442	1996	160
9466	1996	161
36090	1996	162
760498	1996	163
46195	1996	164
9548	1996	165
313857	1996	166
9626	1996	167
9749	1996	168
763901	1996	169
9801	1996	170
743367	1996	171
9892	1996	172
9984	1996	173
10012	1996	174
902791	1996	175
351993	1996	176
749872	1996	177
10242	1996	178
709335	1996	179
10427	1996	180
10456	1996	181
701153	1996	182
356622	1996	183
870763	1996	184
788330	1996	185
840467	1996	186
910079	1996	187
729580	1996	188
880114	1996	189
75439	1996	190
732713	1996	191
92088	1996	192
726294	1996	193
356080	1996	194
11199	1996	195
8960	1996	196
11544	1996	197
109694	1996	198
726995	1996	199
778438	1996	200
11860	1996	201
11884	1996	202
814856	1996	203
722808	1996	204
12180	1996	205
780127	1996	206
225211	1996	207
714655	1996	208
830736	1996	209
88706	1996	210
12355	1996	211
316704	1996	212
12614	1996	213
764205	1996	214
40454	1996	215
812150	1996	216
12927	1996	217
760079	1996	218
13372	1996	219
354626	1996	220
13390	1996	221
13585	1996	222
13777	1996	223
14029	1996	224
14060	1996	225
14073	1996	226
14177	1996	227
14272	1996	228
852637	1996	229
703800	1996	230
14537	1996	231
787977	1996	232
796333	1996	233
14930	1996	234
805022	1996	235
750274	1996	236
15486	1996	237
715577	1996	238
758604	1996	239
205219	1996	240
353650	1996	241
817637	1996	242
319315	1996	243
355058	1996	244
356288	1996	245
725683	1996	246
725684	1996	247
742181	1996	248
763657	1996	249
784681	1996	250
350199	1996	251
813672	1996	252
353153	1996	253
352955	1996	254
812701	1996	255
16317	1996	256
828976	1996	257
765506	1996	258
717216	1996	259
820081	1996	260
16573	1996	261
101821	1996	262
16906	1996	263
794927	1996	264
893958	1996	265
726601	1996	266
780348	1996	267
770895	1996	268
713571	1996	269
722833	1996	270
740371	1996	271
354521	1996	272
822522	1996	273
766701	1996	274
73313	1996	275
790051	1996	276
792978	1996	277
215371	1996	278
804214	1996	279
815097	1996	280
846465	1996	281
797871	1996	282
275177	1996	283
766177	1996	284
764579	1996	285
18072	1996	286
709355	1996	287
764764	1996	288
18230	1996	289
351326	1996	290
357130	1996	291
721447	1996	292
714612	1996	293
18396	1996	294
811532	1996	295
708823	1996	296
276235	1996	297
18654	1996	298
18672	1996	299
18675	1996	300
854094	1996	301
215403	1996	302
18808	1996	303
836123	1996	304
820414	1996	305
728387	1996	306
18914	1996	307
109758	1996	308
19002	1996	309
820757	1996	310
19520	1996	311
215419	1996	312
19612	1996	313
763563	1996	314
19731	1996	315
19745	1996	316
93410	1996	317
101063	1996	318
706539	1996	319
200138	1996	320
20067	1996	321
20171	1996	322
313927	1996	323
20212	1996	324
721233	1996	325
20232	1996	326
701221	1996	327
784000	1996	328
786620	1996	329
716133	1996	330
20286	1996	331
20290	1996	332
716823	1996	333
822368	1996	334
899652	1996	335
860520	1996	336
20388	1996	337
20405	1996	338
810958	1996	339
704054	1996	340
764156	1996	341
739421	1996	342
20520	1996	343
714980	1996	344
352363	1996	345
822818	1996	346
739708	1996	347
702256	1996	348
21157	1996	349
811156	1996	350
764581	1996	351
736772	1996	352
814258	1996	353
21212	1996	354
783747	1996	355
812067	1996	356
21267	1996	357
30828	1996	358
317540	1996	359
804055	1996	360
806279	1996	361
851205	1996	362
21438	1996	363
21665	1996	364
21759	1996	365
92339	1996	366
811243	1996	367
60653	1996	368
200155	1996	369
201493	1996	370
701286	1996	371
22099	1996	372
821995	1996	373
22301	1996	374
28412	1996	375
811612	1996	376
773319	1996	377
201499	1996	378
22470	1996	379
751364	1996	380
22606	1996	381
71222	1996	382
22620	1996	383
22701	1996	384
752195	1996	385
723188	1996	386
714710	1996	387
887499	1996	388
856670	1996	389
22764	1996	390
18568	1996	391
736291	1996	392
23019	1996	393
23023	1996	394
716903	1996	395
701319	1996	396
23071	1996	397
23111	1996	398
823246	1996	399
23194	1996	400
803014	1996	401
740112	1996	402
23304	1996	403
854727	1996	404
816956	1996	405
733460	1996	406
745471	1996	407
23426	1996	408
276209	1996	409
897732	1996	410
795090	1996	411
352983	1996	412
719184	1996	413
768890	1996	414
355804	1996	415
23632	1996	416
23675	1996	417
23752	1996	418
810765	1996	419
23795	1996	420
201533	1996	421
23910	1996	422
319687	1996	423
24104	1996	424
887309	1996	425
832412	1996	426
769017	1996	427
784928	1996	428
316402	1996	429
826330	1996	430
69952	1996	431
809767	1996	432
790524	1996	433
725625	1996	434
24741	1996	435
796317	1996	436
110985	1996	437
808377	1996	438
850143	1996	439
847322	1996	440
25757	1996	441
25793	1996	442
25885	1996	443
20629	1996	444
23259	1996	445
26058	1996	446
26172	1996	447
26324	1996	448
18934	1996	449
354647	1996	450
769589	1996	451
725058	1996	452
799698	1996	453
26780	1996	454
313616	1996	455
225648	1996	456
351998	1996	457
760462	1996	458
760462	1996	459
713138	1996	460
790498	1996	461
27075	1996	462
27119	1996	463
215619	1996	464
811640	1996	465
27430	1996	466
783284	1996	467
215628	1996	468
784161	1996	469
812630	1996	470
711213	1996	471
749153	1996	472
786360	1996	473
732288	1996	474
764636	1996	475
771978	1996	476
779338	1996	477
706343	1996	478
858912	1996	479
351397	1996	480
837330	1996	481
28582	1996	482
810316	1996	483
28742	1996	484
785557	1996	485
841909	1996	486
843006	1996	487
18169	1996	488
765878	1996	489
860673	1996	490
29669	1996	491
29850	1996	492
29915	1996	493
29924	1996	494
787250	1996	495
30067	1996	496
30099	1996	497
703109	1996	498
318835	1996	499
719581	1996	500
844048	1996	501
30305	1996	502
783280	1996	503
30419	1996	504
24004	1996	505
30547	1996	506
30554	1996	507
30573	1996	508
720481	1996	509
225278	1996	510
30819	1996	511
30822	1996	512
30770	1996	513
31107	1996	514
311259	1996	515
31235	1996	516
31277	1996	517
350797	1996	518
814050	1996	519
795968	1996	520
31791	1996	521
719961	1996	522
31986	1996	523
32198	1996	524
823927	1996	525
32379	1996	526
712843	1996	527
790070	1996	528
819977	1996	529
105634	1996	530
277028	1996	531
810830	1996	532
32689	1996	533
352947	1996	534
772891	1996	535
940170	1996	536
72859	1996	537
314808	1996	538
931006	1996	539
65984	1996	540
33073	1996	541
805012	1996	542
828847	1996	543
829305	1996	544
727920	1996	545
225300	1996	546
33213	1996	547
718418	1996	548
33325	1996	549
878932	1996	550
33416	1996	551
33565	1996	552
33656	1996	553
764403	1996	554
276283	1996	555
351521	1996	556
740868	1996	557
785932	1996	558
34046	1996	559
34088	1996	560
793049	1996	561
34136	1996	562
791963	1996	563
34236	1996	564
810827	1996	565
276189	1996	566
784539	1996	567
737876	1996	568
34501	1996	569
277269	1996	570
713095	1996	571
709337	1996	572
34629	1996	573
819975	1996	574
34903	1996	575
277509	1996	576
35214	1996	577
764761	1996	578
786470	1996	579
810363	1996	580
830660	1996	581
846471	1996	582
858661	1996	583
870742	1996	584
809398	1996	585
720032	1996	586
5611	1996	587
35733	1996	588
883701	1996	589
36068	1996	590
36047	1996	591
356858	1996	592
314489	1996	593
717306	1996	594
708848	1996	595
719264	1996	596
768532	1996	597
36204	1996	598
316769	1996	599
200776	1996	600
712537	1996	601
806182	1996	602
837557	1996	603
36270	1996	604
703329	1996	605
708955	1996	606
779633	1996	607
36029	1996	608
735553	1996	609
36377	1996	610
789670	1996	611
320387	1996	612
36522	1996	613
700565	1996	614
788783	1996	615
814178	1996	616
764038	1996	617
765207	1996	618
36703	1996	619
740663	1996	620
354706	1996	621
36840	1996	622
312367	1996	623
36966	1996	624
36995	1996	625
820379	1996	626
763907	1996	627
37032	1996	628
744126	1996	629
740876	1996	630
37070	1996	631
37076	1996	632
778972	1996	633
37093	1996	634
828678	1996	635
810536	1996	636
798354	1996	637
852772	1996	638
807862	1996	639
37481	1996	640
37634	1996	641
37785	1996	642
37808	1996	643
745087	1996	644
800608	1996	645
37914	1996	646
938348	1996	647
718903	1996	648
37946	1996	649
882135	1996	650
38009	1996	651
18508	1996	652
731947	1996	653
38195	1996	654
357269	1996	655
352825	1996	656
38321	1996	657
753308	1996	658
908527	1996	659
38725	1996	660
723646	1996	661
844780	1996	662
771298	1996	663
39368	1996	664
700564	1996	665
37755	1996	666
719488	1996	667
354190	1996	668
751968	1996	669
39899	1996	670
40211	1996	671
277795	1996	672
318771	1996	673
40461	1996	674
808461	1996	675
40643	1996	676
40779	1996	677
317745	1996	678
766738	1996	679
40972	1996	680
40987	1996	681
41023	1996	682
805264	1996	683
844843	1996	684
717829	1996	685
740763	1996	686
41719	1996	687
945094	1996	688
41850	1996	689
872553	1996	690
882240	1996	691
890539	1996	692
882243	1996	693
869739	1996	694
42119	1996	695
42284	1996	696
42316	1996	697
42429	1996	698
42542	1996	699
42582	1996	700
42791	1996	701
42872	1996	702
716314	1996	703
277135	1996	704
313563	1996	705
51200	1996	706
43362	1996	707
904974	1996	708
741511	1996	709
43512	1996	710
43704	1996	711
845048	1996	712
43920	1996	713
813040	1996	714
83394	1996	715
319716	1996	716
728526	1996	717
760451	1996	718
783452	1996	719
769129	1996	720
791346	1996	721
44319	1996	722
785186	1996	723
834286	1996	724
44420	1996	725
44471	1996	726
44570	1996	727
315213	1996	728
45012	1996	729
205422	1996	730
746262	1996	731
818257	1996	732
842741	1996	733
795196	1996	734
850414	1996	735
354053	1996	736
722723	1996	737
45370	1996	738
45379	1996	739
713094	1996	740
40493	1996	741
313716	1996	742
702902	1996	743
801898	1996	744
45674	1996	745
858339	1996	746
893739	1996	747
45729	1996	748
811081	1996	749
45947	1996	750
723371	1996	751
15678	1996	752
310377	1996	753
803649	1996	754
765880	1996	755
766704	1996	756
46428	1996	757
855587	1996	758
785161	1996	759
799233	1996	760
46613	1996	761
46709	1996	762
46738	1996	763
46989	1996	764
714309	1996	765
821020	1996	766
47111	1996	767
47129	1996	768
47217	1996	769
47288	1996	770
766561	1996	771
708815	1996	772
814898	1996	773
47518	1996	774
732417	1996	775
47580	1996	776
857004	1996	777
897998	1996	778
812427	1996	779
813418	1996	780
82179	1996	781
822076	1996	782
48174	1996	783
357133	1996	784
355818	1996	785
743872	1996	786
812699	1996	787
48287	1996	788
48305	1996	789
706129	1996	790
48465	1996	791
354359	1996	792
945394	1996	793
48569	1996	794
314733	1996	795
48638	1996	796
354964	1996	797
357294	1996	798
48896	1996	799
703559	1996	800
776848	1996	801
49146	1996	802
49196	1996	803
315374	1996	804
357099	1996	805
711389	1996	806
722745	1996	807
761310	1996	808
350023	1996	809
706120	1996	810
769330	1996	811
706003	1996	812
759852	1996	813
812818	1996	814
857728	1996	815
353524	1996	816
52477	1996	817
856200	1996	818
930184	1996	819
49648	1996	820
943097	1996	821
811524	1996	822
52428	1996	823
812563	1996	824
727892	1996	825
813831	1996	826
809061	1996	827
352998	1996	828
49789	1996	829
859119	1996	830
49792	1996	831
49816	1996	832
49826	1996	833
914755	1996	834
819551	1996	835
720477	1996	836
804151	1996	837
49899	1996	838
716054	1996	839
818815	1996	840
710982	1996	841
50178	1996	842
50217	1996	843
792863	1996	844
714278	1996	845
799089	1996	846
50485	1996	847
50548	1996	848
790528	1996	849
719494	1996	850
831231	1996	851
50863	1996	852
818674	1996	853
310585	1996	854
350066	1996	855
755933	1996	856
50957	1996	857
50982	1996	858
351532	1996	859
740628	1996	860
351145	1996	861
790929	1996	862
745287	1996	863
51253	1996	864
354813	1996	865
278041	1996	866
821572	1996	867
728249	1996	868
50842	1996	869
51644	1996	870
51720	1996	871
717197	1996	872
778161	1996	873
742112	1996	874
352789	1996	875
740155	1996	876
728391	1996	877
351810	1996	878
748827	1996	879
775440	1996	880
52617	1996	881
790523	1996	882
53117	1996	883
813471	1996	884
822663	1996	885
717867	1996	886
53347	1996	887
919226	1996	888
831331	1996	889
825336	1996	890
53568	1996	891
744437	1996	892
706074	1996	893
730206	1996	894
763820	1996	895
790550	1996	896
746425	1996	897
779542	1996	898
815917	1996	899
275605	1996	900
802361	1996	901
839484	1996	902
727742	1996	903
714712	1996	904
723888	1996	905
741557	1996	906
54502	1996	907
20	1996	908
842893	1996	909
928697	1996	910
54291	1996	911
811596	1996	912
54381	1996	913
54473	1996	914
54476	1996	915
54496	1996	916
795266	1996	917
810162	1996	918
54883	1996	919
55067	1996	920
55135	1996	921
351754	1996	922
55393	1996	923
91576	1996	924
794323	1996	925
55785	1996	926
831967	1996	927
771859	1996	928
314037	1996	929
56047	1996	930
56151	1996	931
56252	1996	932
793765	1996	933
205520	1996	934
835664	1996	935
840216	1996	936
56583	1996	937
813347	1996	938
889427	1996	939
56873	1996	940
785988	1996	941
768175	1996	942
839427	1996	943
832095	1996	944
805297	1996	945
832091	1996	946
786622	1996	947
702117	1996	948
710389	1996	949
721799	1996	950
751570	1996	951
56955	1996	952
842009	1996	953
202356	1996	954
793937	1996	955
278243	1996	956
816151	1996	957
846901	1996	958
721994	1996	959
57497	1996	960
57528	1996	961
768162	1996	962
825410	1996	963
351864	1996	964
851737	1996	965
23236	1996	966
58091	1996	967
727745	1996	968
756939	1996	969
756939	1996	970
773911	1996	971
799179	1996	972
821218	1996	973
58492	1996	974
829281	1996	975
806085	1996	976
728586	1996	977
742454	1996	978
745394	1996	979
96223	1996	980
757642	1996	981
727737	1996	982
720195	1996	983
59478	1996	984
882235	1996	985
59527	1996	986
320446	1996	987
59584	1996	988
202172	1996	989
786557	1996	990
216430	1996	991
59860	1996	992
840260	1996	993
737210	1996	994
60041	1996	995
60195	1996	996
791348	1996	997
60251	1996	998
60302	1996	999
778923	1996	1000
60512	1996	1001
60527	1996	1002
714530	1996	1003
60849	1996	1004
821365	1996	1005
793523	1996	1006
27566	1996	1007
799292	1996	1008
743884	1996	1009
36094	1996	1010
927627	1996	1011
61611	1996	1012
822026	1996	1013
62348	1996	1014
795425	1996	1015
62465	1996	1016
15615	1996	1017
85608	1996	1018
742246	1996	1019
63276	1996	1020
63330	1996	1021
792161	1996	1022
706471	1996	1023
724176	1996	1024
63541	1996	1025
814585	1996	1026
63686	1996	1027
822043	1996	1028
63908	1996	1029
63917	1996	1030
752714	1996	1031
64040	1996	1032
64079	1996	1033
837579	1996	1034
793307	1996	1035
67716	1996	1036
64394	1996	1037
751190	1996	1038
64463	1996	1039
719152	1996	1040
216540	1996	1041
746712	1996	1042
814433	1996	1043
835908	1996	1044
64674	1996	1045
64803	1996	1046
64807	1996	1047
701811	1996	1048
64908	1996	1049
726517	1996	1050
884383	1996	1051
64996	1996	1052
809801	1996	1053
65100	1996	1054
809940	1996	1055
39547	1996	1056
65384	1996	1057
68330	1996	1058
789570	1996	1059
65622	1996	1060
65666	1996	1061
318251	1996	1062
792094	1996	1063
711083	1996	1064
805037	1996	1065
909298	1996	1066
65901	1996	1067
928576	1996	1068
66025	1996	1069
787809	1996	1070
66479	1996	1071
66570	1996	1072
810876	1996	1073
66901	1996	1074
310183	1996	1075
822760	1996	1076
795252	1996	1077
813343	1996	1078
843387	1996	1079
785959	1996	1080
837227	1996	1081
789538	1996	1082
64247	1996	1083
67182	1996	1084
315845	1996	1085
67517	1996	1086
67686	1996	1087
836974	1996	1088
74691	1996	1089
68100	1996	1090
739790	1996	1091
747605	1996	1092
68412	1996	1093
704508	1996	1094
68505	1996	1095
790381	1996	1096
68589	1996	1097
790372	1996	1098
89439	1996	1099
68837	1996	1100
205671	1996	1101
68841	1996	1102
68836	1996	1103
717423	1996	1104
742299	1996	1105
786163	1996	1106
700923	1996	1107
775542	1996	1108
789933	1996	1109
705356	1996	1110
764241	1996	1111
69970	1996	1112
101844	1996	1113
69999	1996	1114
772784	1996	1115
355313	1996	1116
731131	1996	1117
769028	1996	1118
780149	1996	1119
762859	1996	1120
277577	1996	1121
768600	1996	1122
70453	1996	1123
759857	1996	1124
795306	1996	1125
70578	1996	1126
805054	1996	1127
70858	1996	1128
780053	1996	1129
205695	1996	1130
51303	1996	1131
882590	1996	1132
867961	1996	1133
808450	1996	1134
51296	1996	1135
742054	1996	1136
755806	1996	1137
752324	1996	1138
812488	1996	1139
711417	1996	1140
728525	1996	1141
757221	1996	1142
779742	1996	1143
806028	1996	1144
71344	1996	1145
731940	1996	1146
812310	1996	1147
71508	1996	1148
71689	1996	1149
71691	1996	1150
71745	1996	1151
814453	1996	1152
793308	1996	1153
71829	1996	1154
225263	1996	1155
946358	1996	1156
793730	1996	1157
71932	1996	1158
823392	1996	1159
72243	1996	1160
748580	1996	1161
7314	1996	1162
757439	1996	1163
72333	1996	1164
880416	1996	1165
813794	1996	1166
72633	1996	1167
352510	1996	1168
764765	1996	1169
716791	1996	1170
72741	1996	1171
826447	1996	1172
72843	1996	1173
72903	1996	1174
72945	1996	1175
838814	1996	1176
110019	1996	1177
73076	1996	1178
72971	1996	1179
708481	1996	1180
773394	1996	1181
758004	1996	1182
836106	1996	1183
815838	1996	1184
703667	1996	1185
719589	1996	1186
818089	1996	1187
745302	1996	1188
765232	1996	1189
814222	1996	1190
276331	1996	1191
317488	1996	1192
73309	1996	1193
844414	1996	1194
732714	1996	1195
73568	1996	1196
12203	1996	1197
800240	1996	1198
73902	1996	1199
73945	1996	1200
73952	1996	1201
73960	1996	1202
74145	1996	1203
746969	1996	1204
707179	1996	1205
74260	1996	1206
357173	1996	1207
74303	1996	1208
74386	1996	1209
732780	1996	1210
29989	1996	1211
708817	1996	1212
712770	1996	1213
812446	1996	1214
351616	1996	1215
804312	1996	1216
275858	1996	1217
74697	1996	1218
74778	1996	1219
820736	1996	1220
830260	1996	1221
779733	1996	1222
74931	1996	1223
826154	1996	1224
75042	1996	1225
75049	1996	1226
75072	1996	1227
75129	1996	1228
812094	1996	1229
75252	1996	1230
75234	1996	1231
811100	1996	1232
109657	1996	1233
75340	1996	1234
75641	1996	1235
731805	1996	1236
230437	1996	1237
75608	1996	1238
96977	1996	1239
732716	1996	1240
75754	1996	1241
910032	1996	1242
708821	1996	1243
750561	1996	1244
714909	1996	1245
717374	1996	1246
743456	1996	1247
743457	1996	1248
757545	1996	1249
791230	1996	1250
791231	1996	1251
789789	1996	1252
789790	1996	1253
789791	1996	1254
810999	1996	1255
811000	1996	1256
828186	1996	1257
828191	1996	1258
809016	1996	1259
801335	1996	1260
76744	1996	1261
78100	1996	1262
835900	1996	1263
814181	1996	1264
716605	1996	1265
77231	1996	1266
77278	1996	1267
77326	1996	1268
718077	1996	1269
829750	1996	1270
846801	1996	1271
77476	1996	1272
77543	1996	1273
797460	1996	1274
77877	1996	1275
736768	1996	1276
77943	1996	1277
78003	1996	1278
77242	1996	1279
713275	1996	1280
78128	1996	1281
764180	1996	1282
837903	1996	1283
773821	1996	1284
798905	1996	1285
822690	1996	1286
356225	1996	1287
216860	1996	1288
353543	1996	1289
709995	1996	1290
732676	1996	1291
216870	1996	1292
350852	1996	1293
827085	1996	1294
760731	1996	1295
768170	1996	1296
78853	1996	1297
354452	1996	1298
842699	1996	1299
79166	1996	1300
788813	1996	1301
812072	1996	1302
824210	1996	1303
814677	1996	1304
778791	1996	1305
778792	1996	1306
778793	1996	1307
778794	1996	1308
754712	1996	1309
754714	1996	1310
849213	1996	1311
79225	1996	1312
713676	1996	1313
723594	1996	1314
79282	1996	1315
748218	1996	1316
789895	1996	1317
806031	1996	1318
818145	1996	1319
832923	1996	1320
931015	1996	1321
79326	1996	1322
748212	1996	1323
311871	1996	1324
808241	1996	1325
79636	1996	1326
784977	1996	1327
777527	1996	1328
766748	1996	1329
79879	1996	1330
704460	1996	1331
30117	1996	1332
312903	1996	1333
800575	1996	1334
36340	1996	1335
701374	1996	1336
846876	1996	1337
355787	1996	1338
833081	1996	1339
318107	1996	1340
856072	1996	1341
790183	1996	1342
797507	1996	1343
944647	1996	1344
355429	1996	1345
17206	1996	1346
777917	1996	1347
717319	1996	1348
833225	1996	1349
801580	1996	1350
801582	1996	1351
757191	1996	1352
737296	1996	1353
708320	1996	1354
780352	1996	1355
822657	1996	1356
752292	1996	1357
319379	1996	1358
813897	1996	1359
81020	1996	1360
793322	1996	1361
80984	1996	1362
81018	1996	1363
315256	1996	1364
81023	1996	1365
81033	1996	1366
788784	1996	1367
318380	1996	1368
225775	1996	1369
277925	1996	1370
81050	1996	1371
81061	1996	1372
81076	1996	1373
81100	1996	1374
799721	1996	1375
750558	1996	1376
81362	1996	1377
764044	1996	1378
737033	1996	1379
81764	1996	1380
832310	1996	1381
81893	1996	1382
725014	1996	1383
52827	1996	1384
797917	1996	1385
939028	1996	1386
700841	1996	1387
82329	1996	1388
726728	1996	1389
840007	1996	1390
811592	1996	1391
854092	1996	1392
785037	1996	1393
46656	1996	1394
34285	1996	1395
813808	1996	1396
350698	1996	1397
83246	1996	1398
818021	1996	1399
107203	1996	1400
829218	1996	1401
217028	1996	1402
352331	1996	1403
350847	1996	1404
734380	1996	1405
51939	1996	1406
764031	1996	1407
847903	1996	1408
83612	1996	1409
84246	1996	1410
311250	1996	1411
854663	1996	1412
84278	1996	1413
853022	1996	1414
84557	1996	1415
773652	1996	1416
312583	1996	1417
84748	1996	1418
84792	1996	1419
85153	1996	1420
755548	1996	1421
85388	1996	1422
85417	1996	1423
764606	1996	1424
789462	1996	1425
829873	1996	1426
820761	1996	1427
814702	1996	1428
814703	1996	1429
814704	1996	1430
814699	1996	1431
829677	1996	1432
829547	1996	1433
829648	1996	1434
767405	1996	1435
85812	1996	1436
750457	1996	1437
740963	1996	1438
828750	1996	1439
835669	1996	1440
56871	1996	1441
719220	1996	1442
313151	1996	1443
86082	1996	1444
86346	1996	1445
86521	1996	1446
351238	1996	1447
812128	1996	1448
357264	1996	1449
86772	1996	1450
702700	1996	1451
86941	1996	1452
87050	1996	1453
870398	1996	1454
806641	1996	1455
87086	1996	1456
754737	1996	1457
827052	1996	1458
719164	1996	1459
310158	1996	1460
316709	1996	1461
87836	1996	1462
846660	1996	1463
88000	1996	1464
832428	1996	1465
730708	1996	1466
830158	1996	1467
317788	1996	1468
712964	1996	1469
318672	1996	1470
319256	1996	1471
88255	1996	1472
80737	1996	1473
350894	1996	1474
352849	1996	1475
88790	1996	1476
814457	1996	1477
95301	1996	1478
811716	1996	1479
89089	1996	1480
806027	1996	1481
846976	1996	1482
89415	1996	1483
817632	1996	1484
89498	1996	1485
811078	1996	1486
89629	1996	1487
821530	1996	1488
354963	1996	1489
89902	1996	1490
822697	1996	1491
813920	1996	1492
89966	1996	1493
100625	1996	1494
790555	1996	1495
90185	1996	1496
105107	1996	1497
825541	1996	1498
849869	1996	1499
719739	1996	1500
90283	1996	1501
764219	1996	1502
799101	1996	1503
715082	1996	1504
90498	1996	1505
90721	1996	1506
841941	1996	1507
91142	1996	1508
850309	1996	1509
91440	1996	1510
860713	1996	1511
789792	1996	1512
91741	1996	1513
91767	1996	1514
823094	1996	1515
801543	1996	1516
783739	1996	1517
91882	1996	1518
857957	1996	1519
91928	1996	1520
887983	1996	1521
92103	1996	1522
92116	1996	1523
740830	1996	1524
92230	1996	1525
790650	1996	1526
92244	1996	1527
355298	1996	1528
92344	1996	1529
705432	1996	1530
92380	1996	1531
92440	1996	1532
808028	1996	1533
825881	1996	1534
782149	1996	1535
796489	1996	1536
810117	1996	1537
825886	1996	1538
7332	1996	1539
811830	1996	1540
77597	1996	1541
819898	1996	1542
810578	1996	1543
718937	1996	1544
797465	1996	1545
93556	1996	1546
36678	1996	1547
316206	1996	1548
48595	1996	1549
745614	1996	1550
93751	1996	1551
820960	1996	1552
94049	1996	1553
721538	1996	1554
722439	1996	1555
748859	1996	1556
811671	1996	1557
748858	1996	1558
356448	1996	1559
704202	1996	1560
817644	1996	1561
720672	1996	1562
94610	1996	1563
94673	1996	1564
94887	1996	1565
803515	1996	1566
820235	1996	1567
808851	1996	1568
310764	1996	1569
768177	1996	1570
754673	1996	1571
745344	1996	1572
868016	1996	1573
713975	1996	1574
95304	1996	1575
807396	1996	1576
745544	1996	1577
779955	1996	1578
95395	1996	1579
789388	1996	1580
750556	1996	1581
317859	1996	1582
311174	1996	1583
95552	1996	1584
95574	1996	1585
1003010	1996	1586
1003012	1996	1587
350846	1996	1588
700863	1996	1589
278352	1996	1590
95953	1996	1591
18349	1996	1592
202584	1996	1593
808207	1996	1594
847841	1996	1595
871012	1996	1596
96271	1996	1597
96289	1996	1598
318346	1996	1599
96412	1996	1600
225926	1996	1601
718449	1996	1602
700997	1996	1603
820083	1996	1604
740878	1996	1605
96763	1996	1606
893755	1996	1607
808066	1996	1608
764062	1996	1609
764061	1996	1610
844217	1996	1611
826595	1996	1612
850877	1996	1613
350563	1996	1614
277377	1996	1615
96864	1996	1616
96869	1996	1617
925692	1996	1618
96935	1996	1619
806083	1996	1620
353779	1996	1621
804731	1996	1622
805019	1996	1623
97142	1996	1624
97210	1996	1625
97216	1996	1626
722079	1996	1627
50104	1996	1628
97349	1996	1629
97452	1996	1630
97476	1996	1631
22767	1996	1632
787648	1996	1633
97561	1996	1634
710182	1996	1635
315261	1996	1636
97579	1996	1637
217346	1996	1638
795551	1996	1639
721356	1996	1640
841939	1996	1641
97745	1996	1642
795986	1996	1643
102138	1996	1644
97854	1996	1645
705453	1996	1646
814361	1996	1647
736157	1996	1648
925260	1996	1649
98362	1996	1650
741612	1996	1651
98559	1996	1652
794170	1996	1653
800055	1996	1654
320335	1996	1655
74091	1996	1656
721683	1996	1657
98788	1996	1658
98827	1996	1659
704469	1996	1660
99102	1996	1661
700613	1996	1662
831001	1996	1663
733076	1996	1664
929498	1996	1665
850429	1996	1666
787952	1996	1667
313337	1996	1668
230602	1996	1669
726513	1996	1670
99802	1996	1671
99830	1996	1672
943323	1996	1673
943322	1996	1674
943320	1996	1675
791446	1996	1676
791445	1996	1677
835544	1996	1678
770618	1996	1679
357301	1996	1680
36146	1996	1681
100030	1996	1682
860097	1996	1683
100122	1996	1684
100166	1996	1685
743475	1996	1686
724098	1996	1687
31704	1996	1688
786130	1996	1689
847562	1996	1690
711405	1996	1691
101640	1996	1692
936301	1996	1693
68622	1996	1694
101382	1996	1695
746481	1996	1696
276104	1996	1697
918040	1996	1698
740285	1996	1699
752290	1996	1700
745083	1996	1701
100858	1996	1702
100885	1996	1703
87918	1996	1704
100923	1996	1705
769856	1996	1706
805993	1996	1707
315449	1996	1708
746838	1996	1709
798949	1996	1710
796370	1996	1711
101105	1996	1712
217416	1996	1713
101115	1996	1714
74208	1996	1715
101265	1996	1716
101271	1996	1717
773660	1996	1718
752642	1996	1719
725806	1996	1720
717806	1996	1721
82020	1996	1722
101788	1996	1723
101829	1996	1724
832480	1996	1725
715969	1996	1726
755001	1996	1727
102212	1996	1728
716039	1996	1729
315641	1996	1730
102379	1996	1731
798085	1996	1732
823768	1996	1733
707805	1996	1734
707605	1996	1735
354396	1996	1736
832482	1996	1737
101679	1996	1738
102420	1996	1739
316901	1996	1740
930454	1996	1741
101778	1996	1742
731181	1996	1743
905894	1996	1744
21271	1996	1745
714310	1996	1746
102729	1996	1747
102993	1996	1748
830664	1996	1749
740260	1996	1750
744471	1996	1751
745756	1996	1752
706116	1996	1753
310056	1996	1754
703799	1996	1755
103466	1996	1756
23593	1996	1757
103730	1996	1758
837991	1996	1759
850882	1996	1760
789089	1996	1761
103872	1996	1762
103973	1996	1763
110430	1996	1764
104174	1996	1765
104218	1996	1766
818155	1996	1767
104669	1996	1768
104777	1996	1769
104867	1996	1770
737468	1996	1771
105006	1996	1772
884629	1996	1773
788134	1996	1774
29302	1996	1775
801337	1996	1776
315621	1996	1777
849979	1996	1778
812708	1996	1779
105608	1996	1780
203596	1996	1781
105729	1996	1782
105770	1996	1783
311094	1996	1784
742070	1996	1785
850670	1996	1786
796502	1996	1787
81942	1996	1788
856716	1996	1789
106170	1996	1790
54507	1996	1791
315411	1996	1792
821472	1996	1793
790549	1996	1794
106413	1996	1795
831883	1996	1796
810688	1996	1797
735961	1996	1798
771950	1996	1799
106535	1996	1800
790159	1996	1801
106640	1996	1802
106926	1996	1803
106945	1996	1804
894360	1996	1805
107189	1996	1806
107263	1996	1807
107844	1996	1808
107833	1996	1809
736999	1996	1810
737000	1996	1811
808373	1996	1812
839945	1996	1813
832350	1996	1814
841754	1996	1815
726315	1996	1816
752744	1996	1817
104938	1996	1818
110471	1996	1819
108202	1996	1820
949240	1996	1821
916863	1996	1822
108601	1996	1823
828944	1996	1824
790818	1996	1825
108772	1996	1826
351936	1996	1827
1074404	1996	1828
797397	1996	1829
716006	1996	1830
108985	1996	1831
109261	1996	1832
109380	1996	1833
100412	1996	0
898441	1996	1
735584	1996	2
90794	1996	3
706688	1996	4
815094	1996	5
783233	1996	6
74783	1996	7
318306	1996	8
711307	1996	9
733269	1996	10
2186	1996	11
810665	1996	12
796486	1996	13
796960	1996	14
109471	1996	15
842289	1996	16
353184	1996	17
842184	1996	18
804212	1996	19
854858	1996	20
746834	1996	21
3292	1996	22
3333	1996	23
355143	1996	24
783265	1996	25
818074	1996	26
3642	1996	27
807522	1996	28
846538	1996	29
352869	1996	30
722077	1996	31
4457	1996	32
721238	1996	33
4570	1996	34
51124	1996	35
4833	1996	36
742126	1996	37
715428	1996	38
5133	1996	39
5172	1996	40
920243	1996	41
890975	1996	42
742102	1996	43
742103	1996	44
789673	1996	45
799175	1996	46
780396	1996	47
780398	1996	48
780399	1996	49
808512	1996	50
808513	1996	51
808515	1996	52
808516	1996	53
826929	1996	54
826930	1996	55
826931	1996	56
826932	1996	57
811437	1996	58
753281	1996	59
799119	1996	60
5385	1996	61
741516	1996	62
5550	1996	63
835910	1996	64
711512	1996	65
830156	1996	66
824206	1996	67
5768	1996	68
744825	1996	69
90811	1996	70
830159	1996	71
790928	1996	72
5981	1996	73
356959	1996	74
6071	1996	75
1969	1996	76
839437	1996	77
731859	1996	78
745061	1996	79
776813	1996	80
225569	1996	81
812788	1996	82
944248	1996	83
310876	1996	84
885322	1996	85
6383	1996	86
6494	1996	87
277025	1996	88
850090	1996	89
727538	1996	90
6845	1996	91
7039	1996	92
1001113	1996	93
719866	1996	94
100979	1996	95
799902	1996	96
85942	1996	97
797975	1996	98
700612	1996	99
742814	1996	100
819689	1996	101
200243	1996	102
896645	1996	103
785791	1996	104
814077	1996	105
808420	1996	106
7973	1996	107
7974	1996	108
947117	1996	109
828828	1996	110
820608	1996	111
8177	1996	112
730408	1996	113
8302	1996	114
99703	1996	115
826253	1996	116
8598	1996	117
879106	1996	118
351017	1996	119
859163	1996	120
8919	1996	121
8947	1996	122
792570	1996	123
52813	1996	124
763535	1996	125
723873	1996	126
748501	1996	127
768605	1996	128
225075	1996	129
357329	1996	130
709329	1996	131
732350	1996	132
755497	1996	133
783456	1996	134
819576	1996	135
777574	1996	136
355797	1996	137
9389	1996	138
9435	1996	139
311359	1996	140
814575	1996	141
701853	1996	142
778714	1996	143
10119	1996	144
810368	1996	145
750303	1996	146
783992	1996	147
853444	1996	148
715273	1996	149
275119	1996	150
351541	1996	151
861361	1996	152
886158	1996	153
935226	1996	154
845289	1996	155
706777	1996	156
856529	1996	157
785540	1996	158
806397	1996	159
841239	1996	160
11806	1996	161
11814	1996	162
11825	1996	163
811800	1996	164
315858	1996	165
352720	1996	166
924146	1996	167
722104	1996	168
12245	1996	169
783462	1996	170
783463	1996	171
783464	1996	172
12654	1996	173
12707	1996	174
1001606	1996	175
778946	1996	176
731244	1996	177
96287	1996	178
908255	1996	179
805268	1996	180
810663	1996	181
771470	1996	182
743368	1996	183
866751	1996	184
878657	1996	185
810587	1996	186
832775	1996	187
850142	1996	188
793066	1996	189
715988	1996	190
736908	1996	191
762848	1996	192
14637	1996	193
802681	1996	194
740761	1996	195
52234	1996	196
705740	1996	197
733667	1996	198
737269	1996	199
351979	1996	200
15511	1996	201
934612	1996	202
906547	1996	203
310433	1996	204
81057	1996	205
741124	1996	206
774557	1996	207
782975	1996	208
789292	1996	209
821480	1996	210
810334	1996	211
849976	1996	212
846909	1996	213
16104	1996	214
704886	1996	215
16343	1996	216
800460	1996	217
771996	1996	218
748847	1996	219
704292	1996	220
718915	1996	221
759458	1996	222
739460	1996	223
702164	1996	224
763978	1996	225
791452	1996	226
798533	1996	227
813945	1996	228
17294	1996	229
17313	1996	230
17385	1996	231
847935	1996	232
846902	1996	233
17797	1996	234
718007	1996	235
17927	1996	236
865937	1996	237
18255	1996	238
316312	1996	239
799026	1996	240
719227	1996	241
816284	1996	242
871395	1996	243
18497	1996	244
736980	1996	245
773337	1996	246
712771	1996	247
829282	1996	248
813764	1996	249
351127	1996	250
18937	1996	251
713492	1996	252
742685	1996	253
721601	1996	254
19161	1996	255
724051	1996	256
808064	1996	257
830379	1996	258
201424	1996	259
799485	1996	260
816247	1996	261
775820	1996	262
729583	1996	263
719727	1996	264
104599	1996	265
725549	1996	266
772406	1996	267
807060	1996	268
806072	1996	269
931494	1996	270
931494	1996	271
931494	1996	272
931494	1996	273
716634	1996	274
715991	1996	275
802971	1996	276
34115	1996	277
20762	1996	278
316692	1996	279
21175	1996	280
816249	1996	281
787494	1996	282
745276	1996	283
918653	1996	284
860730	1996	285
751683	1996	286
769333	1996	287
769334	1996	288
769335	1996	289
769336	1996	290
22252	1996	291
6814	1996	292
109757	1996	293
769400	1996	294
71528	1996	295
810387	1996	296
776815	1996	297
832847	1996	298
22912	1996	299
947483	1996	300
356028	1996	301
764841	1996	302
720507	1996	303
22698	1996	304
768835	1996	305
89041	1996	306
100320	1996	307
96608	1996	308
720062	1996	309
24454	1996	310
24545	1996	311
835176	1996	312
785898	1996	313
907072	1996	314
718096	1996	315
1004963	1996	316
25191	1996	317
25232	1996	318
101880	1996	319
25743	1996	320
25757	1996	321
719798	1996	322
25895	1996	323
723612	1996	324
790952	1996	325
354888	1996	326
721675	1996	327
887403	1996	328
745932	1996	329
773915	1996	330
894010	1996	331
731241	1996	332
26938	1996	333
27116	1996	334
27326	1996	335
27367	1996	336
851065	1996	337
809799	1996	338
765923	1996	339
830340	1996	340
810116	1996	341
715779	1996	342
27751	1996	343
814549	1996	344
27984	1996	345
813298	1996	346
28345	1996	347
28367	1996	348
28452	1996	349
728376	1996	350
57201	1996	351
812703	1996	352
28917	1996	353
779226	1996	354
745143	1996	355
859473	1996	356
792979	1996	357
810623	1996	358
818669	1996	359
845029	1996	360
29322	1996	361
730985	1996	362
29504	1996	363
29534	1996	364
923680	1996	365
351400	1996	366
30140	1996	367
832922	1996	368
316004	1996	369
764586	1996	370
743366	1996	371
792989	1996	372
799903	1996	373
215639	1996	374
716740	1996	375
313096	1996	376
30908	1996	377
772074	1996	378
826144	1996	379
31364	1996	380
31575	1996	381
739944	1996	382
1009302	1996	383
351991	1996	384
771214	1996	385
311049	1996	386
783005	1996	387
32776	1996	388
764037	1996	389
814579	1996	390
863893	1996	391
1002669	1996	392
731717	1996	393
1004024	1996	394
775477	1996	395
33780	1996	396
33837	1996	397
316222	1996	398
842807	1996	399
746515	1996	400
811779	1996	401
352956	1996	402
803644	1996	403
845877	1996	404
842640	1996	405
794367	1996	406
836819	1996	407
811863	1996	408
820095	1996	409
35838	1996	410
826745	1996	411
811117	1996	412
716297	1996	413
703482	1996	414
750301	1996	415
771983	1996	416
730212	1996	417
727087	1996	418
757528	1996	419
794665	1996	420
819253	1996	421
759441	1996	422
846869	1996	423
802763	1996	424
729502	1996	425
840889	1996	426
38723	1996	427
846768	1996	428
105982	1996	429
700694	1996	430
356708	1996	431
876947	1996	432
866374	1996	433
936523	1996	434
773326	1996	435
38067	1996	436
38074	1996	437
38079	1996	438
1006370	1996	439
804752	1996	440
356841	1996	441
820206	1996	442
845613	1996	443
724571	1996	444
38984	1996	445
797496	1996	446
821002	1996	447
809608	1996	448
948945	1996	449
355876	1996	450
39910	1996	451
40023	1996	452
841543	1996	453
40656	1996	454
40703	1996	455
40730	1996	456
18498	1996	457
837913	1996	458
732485	1996	459
714395	1996	460
79849	1996	461
41289	1996	462
719274	1996	463
352868	1996	464
719754	1996	465
943861	1996	466
790414	1996	467
719597	1996	468
839431	1996	469
709136	1996	470
43300	1996	471
33798	1996	472
852004	1996	473
313143	1996	474
45260	1996	475
812906	1996	476
45333	1996	477
947116	1996	478
820167	1996	479
315272	1996	480
947220	1996	481
793952	1996	482
45635	1996	483
45791	1996	484
899755	1996	485
310823	1996	486
769689	1996	487
814458	1996	488
770506	1996	489
917707	1996	490
821536	1996	491
46601	1996	492
791449	1996	493
717605	1996	494
784054	1996	495
831574	1996	496
786877	1996	497
839614	1996	498
756680	1996	499
356213	1996	500
48165	1996	501
354950	1996	502
835582	1996	503
730025	1996	504
945980	1996	505
315125	1996	506
728535	1996	507
840335	1996	508
353891	1996	509
725767	1996	510
317279	1996	511
49401	1996	512
756502	1996	513
775346	1996	514
216324	1996	515
723574	1996	516
202890	1996	517
811641	1996	518
812927	1996	519
831327	1996	520
830051	1996	521
353356	1996	522
776901	1996	523
760612	1996	524
720002	1996	525
50420	1996	526
824008	1996	527
353020	1996	528
792643	1996	529
703361	1996	530
730067	1996	531
814430	1996	532
815787	1996	533
354913	1996	534
760678	1996	535
827055	1996	536
773267	1996	537
904009	1996	538
853261	1996	539
51410	1996	540
319240	1996	541
731190	1996	542
807364	1996	543
764244	1996	544
43340	1996	545
886167	1996	546
1952	1996	547
772197	1996	548
812127	1996	549
702808	1996	550
817946	1996	551
816330	1996	552
53500	1996	553
42179	1996	554
839461	1996	555
793951	1996	556
799122	1996	557
813710	1996	558
873800	1996	559
868610	1996	560
840119	1996	561
729365	1996	562
853890	1996	563
54441	1996	564
54681	1996	565
793024	1996	566
55454	1996	567
837290	1996	568
811562	1996	569
55805	1996	570
719729	1996	571
701974	1996	572
318526	1996	573
757549	1996	574
768899	1996	575
798081	1996	576
785962	1996	577
799288	1996	578
805266	1996	579
753557	1996	580
58172	1996	581
798186	1996	582
704051	1996	583
58526	1996	584
829281	1996	585
829281	1996	586
829281	1996	587
829281	1996	588
58592	1996	589
12570	1996	590
737287	1996	591
832141	1996	592
843076	1996	593
818020	1996	594
814586	1996	595
818008	1996	596
701985	1996	597
59870	1996	598
313041	1996	599
802851	1996	600
311946	1996	601
355777	1996	602
764762	1996	603
60667	1996	604
60714	1996	605
60876	1996	606
872865	1996	607
61004	1996	608
78384	1996	609
61138	1996	610
913949	1996	611
760436	1996	612
837759	1996	613
61986	1996	614
62142	1996	615
356287	1996	616
62418	1996	617
720462	1996	618
719497	1996	619
62737	1996	620
799166	1996	621
755003	1996	622
1007228	1996	623
727089	1996	624
722573	1996	625
943583	1996	626
63416	1996	627
837038	1996	628
711513	1996	629
927653	1996	630
275710	1996	631
810481	1996	632
748270	1996	633
105744	1996	634
794324	1996	635
832485	1996	636
783996	1996	637
64892	1996	638
64923	1996	639
850315	1996	640
717192	1996	641
828957	1996	642
828957	1996	643
724941	1996	644
790406	1996	645
65195	1996	646
65201	1996	647
773540	1996	648
811516	1996	649
942310	1996	650
66418	1996	651
799515	1996	652
67383	1996	653
896717	1996	654
795571	1996	655
723889	1996	656
906282	1996	657
357066	1996	658
808375	1996	659
731895	1996	660
806029	1996	661
317340	1996	662
311995	1996	663
840334	1996	664
818080	1996	665
748828	1996	666
842915	1996	667
67347	1996	668
67532	1996	669
814180	1996	670
67618	1996	671
876427	1996	672
832768	1996	673
785818	1996	674
799630	1996	675
814144	1996	676
808264	1996	677
826488	1996	678
830431	1996	679
808715	1996	680
69067	1996	681
69499	1996	682
69598	1996	683
69623	1996	684
700699	1996	685
70412	1996	686
714801	1996	687
70415	1996	688
110536	1996	689
70684	1996	690
93736	1996	691
70816	1996	692
70855	1996	693
942788	1996	694
932790	1996	695
810270	1996	696
752431	1996	697
844643	1996	698
849043	1996	699
355783	1996	700
811211	1996	701
919550	1996	702
721237	1996	703
722051	1996	704
43837	1996	705
808013	1996	706
839950	1996	707
72655	1996	708
72909	1996	709
843368	1996	710
776730	1996	711
760729	1996	712
813658	1996	713
788736	1996	714
73088	1996	715
747178	1996	716
888358	1996	717
716646	1996	718
748714	1996	719
73225	1996	720
748592	1996	721
841942	1996	722
718074	1996	723
73354	1996	724
73515	1996	725
874238	1996	726
350737	1996	727
317814	1996	728
788816	1996	729
74273	1996	730
846609	1996	731
806637	1996	732
74585	1996	733
820474	1996	734
801443	1996	735
799514	1996	736
74818	1996	737
896842	1996	738
74925	1996	739
711210	1996	740
804060	1996	741
744786	1996	742
727066	1996	743
311048	1996	744
354564	1996	745
814576	1996	746
770470	1996	747
706874	1996	748
798287	1996	749
917736	1996	750
76267	1996	751
844582	1996	752
844606	1996	753
809017	1996	754
837893	1996	755
785940	1996	756
720695	1996	757
923877	1996	758
745774	1996	759
76791	1996	760
76888	1996	761
768868	1996	762
77106	1996	763
77155	1996	764
318300	1996	765
762128	1996	766
715072	1996	767
77449	1996	768
934438	1996	769
724967	1996	770
77808	1996	771
78239	1996	772
792157	1996	773
704862	1996	774
808575	1996	775
920527	1996	776
755095	1996	777
278130	1996	778
822426	1996	779
764622	1996	780
830141	1996	781
733060	1996	782
799320	1996	783
78814	1996	784
868326	1996	785
790966	1996	786
765815	1996	787
356226	1996	788
793982	1996	789
79564	1996	790
311657	1996	791
943358	1996	792
804219	1996	793
790526	1996	794
823195	1996	795
311505	1996	796
773135	1996	797
700914	1996	798
812900	1996	799
80397	1996	800
765195	1996	801
702313	1996	802
831968	1996	803
80816	1996	804
829114	1996	805
801348	1996	806
850184	1996	807
846581	1996	808
934722	1996	809
918386	1996	810
719544	1996	811
353569	1996	812
792984	1996	813
768825	1996	814
793035	1996	815
799126	1996	816
835676	1996	817
811434	1996	818
82166	1996	819
82334	1996	820
785566	1996	821
82473	1996	822
82536	1996	823
941557	1996	824
810724	1996	825
314741	1996	826
99249	1996	827
846979	1996	828
919567	1996	829
871867	1996	830
855567	1996	831
920052	1996	832
730272	1996	833
761682	1996	834
837336	1996	835
763098	1996	836
929223	1996	837
744187	1996	838
779164	1996	839
83679	1996	840
83680	1996	841
924120	1996	842
802806	1996	843
796764	1996	844
868635	1996	845
785815	1996	846
84919	1996	847
85149	1996	848
745732	1996	849
85408	1996	850
829874	1996	851
739878	1996	852
793280	1996	853
943630	1996	854
709296	1996	855
782126	1996	856
710752	1996	857
86115	1996	858
949149	1996	859
319655	1996	860
350212	1996	861
313749	1996	862
314661	1996	863
945220	1996	864
87047	1996	865
766004	1996	866
813013	1996	867
745481	1996	868
797331	1996	869
839638	1996	870
723926	1996	871
750813	1996	872
88941	1996	873
805387	1996	874
812444	1996	875
852485	1996	876
765803	1996	877
811696	1996	878
795879	1996	879
810781	1996	880
830738	1996	881
754009	1996	882
9659	1996	883
708367	1996	884
826600	1996	885
880036	1996	886
835342	1996	887
719612	1996	888
840824	1996	889
912088	1996	890
806172	1996	891
351566	1996	892
320575	1996	893
353386	1996	894
802969	1996	895
92066	1996	896
109747	1996	897
707600	1996	898
859747	1996	899
703970	1996	900
92472	1996	901
790228	1996	902
703645	1996	903
824768	1996	904
718487	1996	905
812551	1996	906
312667	1996	907
892907	1996	908
93134	1996	909
86251	1996	910
831984	1996	911
720480	1996	912
799149	1996	913
93319	1996	914
93384	1996	915
723458	1996	916
46535	1996	917
94056	1996	918
93451	1996	919
94136	1996	920
94185	1996	921
94328	1996	922
94855	1996	923
1006208	1996	924
355142	1996	925
726712	1996	926
786156	1996	927
792924	1996	928
813902	1996	929
701709	1996	930
313299	1996	931
821139	1996	932
730000	1996	933
784932	1996	934
854099	1996	935
832815	1996	936
95944	1996	937
724742	1996	938
110074	1996	939
947460	1996	940
882238	1996	941
874214	1996	942
790703	1996	943
814081	1996	944
1005274	1996	945
790705	1996	946
320121	1996	947
756767	1996	948
927355	1996	949
352507	1996	950
913771	1996	951
796038	1996	952
833088	1996	953
833088	1996	954
32258	1996	955
99974	1996	956
751288	1996	957
98537	1996	958
98720	1996	959
34497	1996	960
740942	1996	961
768608	1996	962
716438	1996	963
99106	1996	964
795212	1996	965
99302	1996	966
87799	1996	967
99359	1996	968
1761	1996	969
30697	1996	970
99780	1996	971
350024	1996	972
741742	1996	973
4458	1996	974
810130	1996	975
810130	1996	976
894049	1996	977
100716	1996	978
792341	1996	979
100740	1996	980
352747	1996	981
100759	1996	982
729986	1996	983
65358	1996	984
831460	1996	985
881905	1996	986
318025	1996	987
101909	1996	988
101911	1996	989
101929	1996	990
709878	1996	991
356311	1996	992
102267	1996	993
839470	1996	994
807906	1996	995
822819	1996	996
795965	1996	997
803771	1996	998
315523	1996	999
706698	1996	1000
821361	1996	1001
102678	1996	1002
102854	1996	1003
816512	1996	1004
63118	1996	1005
813828	1996	1006
829374	1996	1007
758743	1996	1008
715148	1996	1009
712036	1996	1010
788043	1996	1011
104169	1996	1012
710118	1996	1013
105085	1996	1014
105519	1996	1015
900630	1996	1016
825851	1996	1017
720276	1996	1018
720308	1996	1019
739709	1996	1020
739710	1996	1021
720307	1996	1022
760375	1996	1023
760382	1996	1024
760386	1996	1025
746259	1996	1026
797544	1996	1027
824004	1996	1028
838856	1996	1029
105668	1996	1030
352187	1996	1031
805080	1996	1032
703701	1996	1033
715842	1996	1034
106455	1996	1035
83530	1996	1036
50859	1996	1037
106827	1996	1038
352183	1996	1039
827830	1996	1040
107140	1996	1041
895007	1996	1042
719955	1996	1043
107454	1996	1044
107469	1996	1045
834162	1996	1046
759253	1996	1047
722565	1996	1048
718535	1996	1049
277886	1996	1050
315275	1996	1051
351147	1996	1052
350903	1996	1053
356141	1996	1054
711418	1996	1055
107874	1996	1056
794449	1996	1057
819342	1996	1058
841712	1996	1059
789460	1996	1060
723527	1996	1061
811664	1996	1062
810156	1996	1063
108683	1996	1064
720676	1996	1065
1003932	1996	1066
743988	1996	1067
814427	1996	1068
721080	1996	1069
108976	1996	1070
75644	1996	1071
109265	1996	1072
109378	1996	1073
767404	1996	1074
320515	1996	1075
727621	1996	1076
738076	1996	0
863650	1996	1
913951	1996	2
879957	1996	3
748103	1996	4
849116	1996	5
2034	1996	6
2070	1996	7
912601	1996	8
942132	1996	9
869554	1996	10
718877	1996	11
865415	1996	12
828530	1996	13
828530	1996	14
828530	1996	15
828530	1996	16
828530	1996	17
1002125	1996	18
814580	1996	19
932278	1996	20
2601	1996	21
811210	1996	22
790708	1996	23
3116	1996	24
98618	1996	25
708484	1996	26
3398	1996	27
14611	1996	28
945122	1996	29
874663	1996	30
14280	1996	31
883168	1996	32
896156	1996	33
2491	1996	34
736994	1996	35
874710	1996	36
4127	1996	37
4164	1996	38
909124	1996	39
883780	1996	40
4811	1996	41
819028	1996	42
5719	1996	43
853274	1996	44
713425	1996	45
1009480	1996	46
803016	1996	47
6207	1996	48
6292	1996	49
6314	1996	50
914923	1996	51
849433	1996	52
351139	1996	53
794876	1996	54
912842	1996	55
7084	1996	56
919565	1996	57
7346	1996	58
1007047	1996	59
877931	1996	60
949322	1996	61
929940	1996	62
911115	1996	63
723639	1996	64
8497	1996	65
932131	1996	66
851697	1996	67
8670	1996	68
754568	1996	69
8858	1996	70
880229	1996	71
805792	1996	72
934598	1996	73
10081	1996	74
790360	1996	75
876516	1996	76
846607	1996	77
946812	1996	78
777001	1996	79
806741	1996	80
920376	1996	81
884063	1996	82
319459	1996	83
317406	1996	84
811831	1996	85
716629	1996	86
277666	1996	87
1010917	1996	88
715812	1996	89
715374	1996	90
779334	1996	91
883587	1996	92
912737	1996	93
12779	1996	94
835729	1996	95
912894	1996	96
1009405	1996	97
805009	1996	98
839345	1996	99
906553	1996	100
1011174	1996	101
14195	1996	102
703351	1996	103
14693	1996	104
14971	1996	105
899597	1996	106
718916	1996	107
15847	1996	108
350621	1996	109
745274	1996	110
914749	1996	111
1011134	1996	112
824412	1996	113
277376	1996	114
919234	1996	115
13033	1996	116
793279	1996	117
317488	1996	118
801558	1996	119
930795	1996	120
844893	1996	121
804188	1996	122
919566	1996	123
721371	1996	124
1011060	1996	125
799231	1996	126
792861	1996	127
17843	1996	128
726958	1996	129
863015	1996	130
883977	1996	131
910646	1996	132
850922	1996	133
54175	1996	134
725363	1996	135
865941	1996	136
932094	1996	137
919006	1996	138
851635	1996	139
785080	1996	140
809034	1996	141
840258	1996	142
826821	1996	143
877050	1996	144
833226	1996	145
793983	1996	146
725813	1996	147
844161	1996	148
895126	1996	149
738830	1996	150
774658	1996	151
767965	1996	152
918581	1996	153
723254	1996	154
773657	1996	155
805370	1996	156
719547	1996	157
21076	1996	158
1005123	1996	159
21686	1996	160
835345	1996	161
864509	1996	162
744778	1996	163
930277	1996	164
23055	1996	165
880323	1996	166
22989	1996	167
819479	1996	168
201513	1996	169
23217	1996	170
831861	1996	171
749038	1996	172
914448	1996	173
921500	1996	174
24071	1996	175
824851	1996	176
25360	1996	177
856250	1996	178
878865	1996	179
25657	1996	180
799850	1996	181
723603	1996	182
846005	1996	183
755229	1996	184
864683	1996	185
910721	1996	186
824845	1996	187
940944	1996	188
888165	1996	189
355735	1996	190
853102	1996	191
27442	1996	192
1007588	1996	193
729970	1996	194
27904	1996	195
277375	1996	196
806624	1996	197
730464	1996	198
28561	1996	199
28630	1996	200
1011582	1996	201
28887	1996	202
939930	1996	203
840815	1996	204
889409	1996	205
828604	1996	206
805583	1996	207
828747	1996	208
806850	1996	209
918999	1996	210
929546	1996	211
1012128	1996	212
801550	1996	213
857171	1996	214
720875	1996	215
783604	1996	216
945066	1996	217
752634	1996	218
909122	1996	219
815272	1996	220
777249	1996	221
873601	1996	222
832320	1996	223
32017	1996	224
32166	1996	225
726514	1996	226
712515	1996	227
32621	1996	228
32666	1996	229
922404	1996	230
350917	1996	231
894020	1996	232
313116	1996	233
43350	1996	234
824961	1996	235
727510	1996	236
830741	1996	237
30966	1996	238
861995	1996	239
33533	1996	240
822367	1996	241
33769	1996	242
846770	1996	243
813781	1996	244
34047	1996	245
727008	1996	246
9779	1996	247
34563	1996	248
730726	1996	249
770461	1996	250
770461	1996	251
770461	1996	252
770461	1996	253
770461	1996	254
770461	1996	255
770461	1996	256
770461	1996	257
828529	1996	258
230211	1996	259
34908	1996	260
353286	1996	261
840458	1996	262
797320	1996	263
927313	1996	264
36537	1996	265
934841	1996	266
864739	1996	267
912836	1996	268
890493	1996	269
883172	1996	270
871663	1996	271
871663	1996	272
713002	1996	273
826227	1996	274
37743	1996	275
795579	1996	276
920000	1996	277
859493	1996	278
764858	1996	279
230014	1996	280
230014	1996	281
826812	1996	282
38570	1996	283
930182	1996	284
854926	1996	285
39020	1996	286
890662	1996	287
735349	1996	288
909121	1996	289
841708	1996	290
40675	1996	291
40687	1996	292
40704	1996	293
41052	1996	294
41133	1996	295
41147	1996	296
768119	1996	297
278165	1996	298
875983	1996	299
355269	1996	300
215994	1996	301
42228	1996	302
820740	1996	303
42504	1996	304
778709	1996	305
201944	1996	306
854560	1996	307
935814	1996	308
44041	1996	309
806435	1996	310
216039	1996	311
720671	1996	312
314727	1996	313
853733	1996	314
818968	1996	315
800459	1996	316
878246	1996	317
918022	1996	318
46129	1996	319
773723	1996	320
894743	1996	321
791164	1996	322
46640	1996	323
319648	1996	324
1001109	1996	325
4165	1996	326
779152	1996	327
812549	1996	328
47268	1996	329
845879	1996	330
915197	1996	331
1005967	1996	332
909753	1996	333
867493	1996	334
1009242	1996	335
1000685	1996	336
806151	1996	337
48474	1996	338
1006604	1996	339
947482	1996	340
735780	1996	341
785546	1996	342
916304	1996	343
820318	1996	344
820626	1996	345
715430	1996	346
855654	1996	347
722830	1996	348
893329	1996	349
730045	1996	350
907045	1996	351
924124	1996	352
940329	1996	353
869615	1996	354
744500	1996	355
824578	1996	356
818017	1996	357
866609	1996	358
878612	1996	359
355431	1996	360
874689	1996	361
802242	1996	362
351012	1996	363
320166	1996	364
814929	1996	365
316793	1996	366
805330	1996	367
829499	1996	368
803227	1996	369
798359	1996	370
806168	1996	371
925006	1996	372
830404	1996	373
351903	1996	374
52969	1996	375
52971	1996	376
765449	1996	377
920528	1996	378
53260	1996	379
1009416	1996	380
54003	1996	381
54050	1996	382
55080	1996	383
1008938	1996	384
55529	1996	385
318996	1996	386
719733	1996	387
832812	1996	388
319201	1996	389
56362	1996	390
1003292	1996	391
57131	1996	392
707549	1996	393
57515	1996	394
868796	1996	395
749510	1996	396
711665	1996	397
857470	1996	398
812555	1996	399
943580	1996	400
805928	1996	401
28626	1996	402
914642	1996	403
791907	1996	404
60150	1996	405
897545	1996	406
1006269	1996	407
864906	1996	408
820526	1996	409
854662	1996	410
61398	1996	411
802781	1996	412
751085	1996	413
791014	1996	414
51396	1996	415
354604	1996	416
894372	1996	417
807397	1996	418
62675	1996	419
866273	1996	420
743316	1996	421
711039	1996	422
949057	1996	423
806089	1996	424
852164	1996	425
823560	1996	426
859368	1996	427
812805	1996	428
64670	1996	429
816955	1996	430
818035	1996	431
921365	1996	432
835768	1996	433
13547	1996	434
65270	1996	435
888999	1996	436
875174	1996	437
65596	1996	438
919646	1996	439
740622	1996	440
756497	1996	441
320345	1996	442
789019	1996	443
1003383	1996	444
835011	1996	445
66544	1996	446
791905	1996	447
66382	1996	448
781889	1996	449
66895	1996	450
949587	1996	451
711422	1996	452
67472	1996	453
909125	1996	454
1007783	1996	455
1007507	1996	456
792851	1996	457
200533	1996	458
819220	1996	459
70502	1996	460
70530	1996	461
787253	1996	462
69960	1996	463
71023	1996	464
720851	1996	465
830488	1996	466
277058	1996	467
205700	1996	468
216810	1996	469
842691	1996	470
807524	1996	471
320187	1996	472
878032	1996	473
802843	1996	474
850036	1996	475
73296	1996	476
879303	1996	477
892191	1996	478
350868	1996	479
753601	1996	480
871826	1996	481
946732	1996	482
814562	1996	483
819201	1996	484
777676	1996	485
928878	1996	486
75288	1996	487
911570	1996	488
76334	1996	489
820907	1996	490
802356	1996	491
891024	1996	492
723531	1996	493
909123	1996	494
937598	1996	495
77551	1996	496
350403	1996	497
353827	1996	498
949699	1996	499
351506	1996	500
225759	1996	501
77776	1996	502
803568	1996	503
277923	1996	504
813765	1996	505
774695	1996	506
718332	1996	507
3959	1996	508
883558	1996	509
891178	1996	510
79114	1996	511
829608	1996	512
835405	1996	513
1007519	1996	514
79958	1996	515
747675	1996	516
864890	1996	517
202932	1996	518
80424	1996	519
911787	1996	520
917823	1996	521
729069	1996	522
81288	1996	523
906465	1996	524
912465	1996	525
854694	1996	526
932275	1996	527
82206	1996	528
858558	1996	529
716643	1996	530
915765	1996	531
800458	1996	532
913883	1996	533
83226	1996	534
83306	1996	535
943819	1996	536
83573	1996	537
814186	1996	538
355948	1996	539
819632	1996	540
878720	1996	541
860194	1996	542
934650	1996	543
276747	1996	544
84651	1996	545
84801	1996	546
909117	1996	547
909115	1996	548
909114	1996	549
909118	1996	550
909116	1996	551
909113	1996	552
909110	1996	553
873594	1996	554
801873	1996	555
85535	1996	556
110621	1996	557
68270	1996	558
85973	1996	559
910649	1996	560
918964	1996	561
86166	1996	562
350212	1996	563
753899	1996	564
923021	1996	565
880208	1996	566
703598	1996	567
866729	1996	568
803349	1996	569
87731	1996	570
87744	1996	571
87777	1996	572
770504	1996	573
318672	1996	574
88922	1996	575
88948	1996	576
88974	1996	577
826757	1996	578
940511	1996	579
811917	1996	580
810029	1996	581
800266	1996	582
812882	1996	583
724991	1996	584
802301	1996	585
943820	1996	586
90896	1996	587
793733	1996	588
851292	1996	589
91388	1996	590
354260	1996	591
875173	1996	592
350305	1996	593
791925	1996	594
818594	1996	595
793971	1996	596
800286	1996	597
92284	1996	598
203248	1996	599
878520	1996	600
775298	1996	601
92679	1996	602
840827	1996	603
949301	1996	604
92827	1996	605
86264	1996	606
93448	1996	607
310354	1996	608
911577	1996	609
93676	1996	610
847541	1996	611
731933	1996	612
777538	1996	613
945634	1996	614
718865	1996	615
811801	1996	616
709519	1996	617
814071	1996	618
778701	1996	619
872867	1996	620
857353	1996	621
909120	1996	622
872443	1996	623
82628	1996	624
850436	1996	625
96021	1996	626
96116	1996	627
869487	1996	628
96294	1996	629
913358	1996	630
318833	1996	631
842023	1996	632
704562	1996	633
877645	1996	634
931059	1996	635
96879	1996	636
96885	1996	637
352495	1996	638
70318	1996	639
847597	1996	640
97472	1996	641
97726	1996	642
68366	1996	643
38851	1996	644
277928	1996	645
1005817	1996	646
789577	1996	647
801451	1996	648
801451	1996	649
786053	1996	650
755199	1996	651
798935	1996	652
22551	1996	653
859475	1996	654
732026	1996	655
749254	1996	656
833619	1996	657
100063	1996	658
98338	1996	659
896560	1996	660
100378	1996	661
100441	1996	662
317889	1996	663
853017	1996	664
947597	1996	665
1004025	1996	666
1009248	1996	667
1014286	1996	668
892142	1996	669
819546	1996	670
100726	1996	671
927790	1996	672
100817	1996	673
912093	1996	674
945837	1996	675
350067	1996	676
1004314	1996	677
102037	1996	678
891166	1996	679
102109	1996	680
311173	1996	681
101594	1996	682
896429	1996	683
806087	1996	684
102588	1996	685
312907	1996	686
873571	1996	687
717720	1996	688
1001839	1996	689
353810	1996	690
1010369	1996	691
948042	1996	692
1008540	1996	693
877273	1996	694
793354	1996	695
826683	1996	696
716861	1996	697
949956	1996	698
803647	1996	699
935418	1996	700
737602	1996	701
859303	1996	702
785081	1996	703
353482	1996	704
911033	1996	705
879970	1996	706
1005882	1996	707
837173	1996	708
735571	1996	709
884131	1996	710
892968	1996	711
1002135	1996	712
912428	1996	713
106040	1996	714
922023	1996	715
107681	1996	716
760775	1996	717
108018	1996	718
841123	1996	719
108516	1996	720
797543	1996	721
108703	1996	722
108729	1996	723
814055	1996	724
876726	1996	725
1005016	1996	0
913364	1996	1
920985	1996	2
1961	1996	3
1023185	1996	4
804888	1996	5
949335	1996	6
896159	1996	7
2145	1996	8
313798	1996	9
828530	1996	10
861289	1996	11
737717	1996	12
319489	1996	13
801622	1996	14
942124	1996	15
935503	1996	16
1004155	1996	17
1011696	1996	18
3327	1996	19
922255	1996	20
3370	1996	21
899866	1996	22
3545	1996	23
745543	1996	24
889156	1996	25
933151	1996	26
804742	1996	27
65745	1996	28
1002546	1996	29
27425	1996	30
928465	1996	31
811419	1996	32
4828	1996	33
842695	1996	34
948020	1996	35
78319	1996	36
859792	1996	37
932628	1996	38
764864	1996	39
855042	1996	40
6260	1996	41
6284	1996	42
317093	1996	43
815093	1996	44
929887	1996	45
4319	1996	46
320193	1996	47
874389	1996	48
6948	1996	49
757523	1996	50
879796	1996	51
790071	1996	52
8699	1996	53
7533	1996	54
886046	1996	55
913598	1996	56
7694	1996	57
893970	1996	58
8154	1996	59
8411	1996	60
319237	1996	61
887538	1996	62
278048	1996	63
866787	1996	64
854151	1996	65
723534	1996	66
906420	1996	67
894490	1996	68
1013335	1996	69
817125	1996	70
814904	1996	71
807877	1996	72
915840	1996	73
851478	1996	74
11454	1996	75
4344	1996	76
879306	1996	77
820900	1996	78
313522	1996	79
1013706	1996	80
864328	1996	81
889155	1996	82
716822	1996	83
875357	1996	84
734394	1996	85
891552	1996	86
13606	1996	87
1018678	1996	88
1018682	1996	89
812490	1996	90
14525	1996	91
933974	1996	92
14827	1996	93
14846	1996	94
351220	1996	95
870213	1996	96
943897	1996	97
913142	1996	98
16040	1996	99
874759	1996	100
819334	1996	101
934884	1996	102
895693	1996	103
19446	1996	104
867443	1996	105
17221	1996	106
802523	1996	107
888918	1996	108
1005015	1996	109
1005512	1996	110
278166	1996	111
1017308	1996	112
725363	1996	113
745651	1996	114
729176	1996	115
887733	1996	116
949298	1996	117
836123	1996	118
721408	1996	119
947122	1996	120
830524	1996	121
350692	1996	122
3570	1996	123
749647	1996	124
921685	1996	125
20041	1996	126
858877	1996	127
793725	1996	128
317438	1996	129
914712	1996	130
729576	1996	131
935930	1996	132
1011152	1996	133
21510	1996	134
722487	1996	135
22444	1996	136
787912	1996	137
945524	1996	138
863061	1996	139
914249	1996	140
1004524	1996	141
777844	1996	142
820735	1996	143
23120	1996	144
23197	1996	145
310103	1996	146
23503	1996	147
787618	1996	148
93859	1996	149
354761	1996	150
829649	1996	151
900075	1996	152
890399	1996	153
810950	1996	154
25212	1996	155
25373	1996	156
827099	1996	157
778808	1996	158
771617	1996	159
818073	1996	160
891288	1996	161
26537	1996	162
840826	1996	163
1004154	1996	164
742686	1996	165
947223	1996	166
26821	1996	167
726435	1996	168
26999	1996	169
1005700	1996	170
890924	1996	171
887085	1996	172
774055	1996	173
205239	1996	174
792130	1996	175
906471	1996	176
26987	1996	177
835015	1996	178
902277	1996	179
728330	1996	180
858710	1996	181
895650	1996	182
854775	1996	183
868373	1996	184
763566	1996	185
14995	1996	186
225261	1996	187
854859	1996	188
29834	1996	189
717724	1996	190
1015483	1996	191
1015780	1996	192
802492	1996	193
792369	1996	194
1001718	1996	195
793169	1996	196
31348	1996	197
809933	1996	198
882259	1996	199
949872	1996	200
785819	1996	201
32120	1996	202
721773	1996	203
727010	1996	204
32604	1996	205
805326	1996	206
1010305	1996	207
32878	1996	208
350193	1996	209
880034	1996	210
896267	1996	211
316253	1996	212
801555	1996	213
936163	1996	214
46189	1996	215
851397	1996	216
904901	1996	217
934094	1996	218
313395	1996	219
882860	1996	220
876523	1996	221
1013237	1996	222
814547	1996	223
34371	1996	224
34408	1996	225
34616	1996	226
836937	1996	227
744106	1996	228
863894	1996	229
922360	1996	230
922359	1996	231
1012493	1996	232
922358	1996	233
912219	1996	234
855932	1996	235
854711	1996	236
316618	1996	237
316618	1996	238
316618	1996	239
316618	1996	240
316618	1996	241
840489	1996	242
760077	1996	243
36781	1996	244
906608	1996	245
864927	1996	246
36856	1996	247
1003390	1996	248
820240	1996	249
37358	1996	250
37651	1996	251
355019	1996	252
703901	1996	253
807882	1996	254
915350	1996	255
1018219	1996	256
1018683	1996	257
1018679	1996	258
767682	1996	259
886206	1996	260
38777	1996	261
911004	1996	262
844059	1996	263
924370	1996	264
884124	1996	265
789598	1996	266
39917	1996	267
942133	1996	268
749251	1996	269
918647	1996	270
812700	1996	271
913912	1996	272
310252	1996	273
64472	1996	274
40518	1996	275
707452	1996	276
874265	1996	277
860192	1996	278
356830	1996	279
888702	1996	280
785931	1996	281
891461	1996	282
50725	1996	283
46026	1996	284
51467	1996	285
911522	1996	286
722642	1996	287
44471	1996	288
888781	1996	289
45621	1996	290
46012	1996	291
46250	1996	292
858655	1996	293
792985	1996	294
925252	1996	295
883327	1996	296
1005697	1996	297
922503	1996	298
46765	1996	299
1012569	1996	300
47035	1996	301
47307	1996	302
317551	1996	303
890575	1996	304
885638	1996	305
48039	1996	306
48105	1996	307
859737	1996	308
916822	1996	309
76696	1996	310
882184	1996	311
786617	1996	312
772897	1996	313
1013240	1996	314
353567	1996	315
49728	1996	316
756365	1996	317
719625	1996	318
818645	1996	319
354242	1996	320
780859	1996	321
50493	1996	322
50601	1996	323
901099	1996	324
854701	1996	325
786343	1996	326
1001131	1996	327
935086	1996	328
936538	1996	329
714981	1996	330
880584	1996	331
353944	1996	332
913888	1996	333
320573	1996	334
854222	1996	335
771296	1996	336
896878	1996	337
923071	1996	338
773730	1996	339
860518	1996	340
785956	1996	341
798078	1996	342
898293	1996	343
1005507	1996	344
52988	1996	345
806817	1996	346
806817	1996	347
806817	1996	348
216275	1996	349
53669	1996	350
788329	1996	351
798168	1996	352
1007581	1996	353
54193	1996	354
842913	1996	355
54991	1996	356
1002811	1996	357
910394	1996	358
906193	1996	359
756764	1996	360
932110	1996	361
946924	1996	362
56978	1996	363
855684	1996	364
825410	1996	365
700800	1996	366
1001384	1996	367
889899	1996	368
754881	1996	369
39743	1996	370
58151	1996	371
1002037	1996	372
58361	1996	373
911934	1996	374
59880	1996	375
804073	1996	376
16099	1996	377
1006240	1996	378
923808	1996	379
704366	1996	380
916238	1996	381
848551	1996	382
833837	1996	383
806277	1996	384
784711	1996	385
837339	1996	386
63296	1996	387
855575	1996	388
869087	1996	389
1002521	1996	390
54187	1996	391
63686	1996	392
729284	1996	393
64463	1996	394
931782	1996	395
937940	1996	396
794172	1996	397
1005530	1996	398
810332	1996	399
320303	1996	400
916396	1996	401
793629	1996	402
854460	1996	403
723125	1996	404
874737	1996	405
310568	1996	406
66270	1996	407
925722	1996	408
948218	1996	409
807863	1996	410
67212	1996	411
67625	1996	412
67887	1996	413
729600	1996	414
896985	1996	415
714540	1996	416
722886	1996	417
1003078	1996	418
798952	1996	419
798952	1996	420
68709	1996	421
813742	1996	422
1018845	1996	423
69633	1996	424
728389	1996	425
70333	1996	426
70538	1996	427
70793	1996	428
934844	1996	429
71106	1996	430
71391	1996	431
71391	1996	432
853706	1996	433
71519	1996	434
1024478	1996	435
806388	1996	436
772263	1996	437
72170	1996	438
886034	1996	439
932923	1996	440
225854	1996	441
72596	1996	442
902793	1996	443
314307	1996	444
745026	1996	445
797313	1996	446
276331	1996	447
818467	1996	448
844414	1996	449
73609	1996	450
73864	1996	451
277952	1996	452
74046	1996	453
729922	1996	454
820957	1996	455
74154	1996	456
4507	1996	457
719242	1996	458
75149	1996	459
203159	1996	460
766456	1996	461
1018681	1996	462
75829	1996	463
857005	1996	464
789660	1996	465
76321	1996	466
724988	1996	467
893430	1996	468
77281	1996	469
77328	1996	470
739608	1996	471
869004	1996	472
948086	1996	473
859640	1996	474
832767	1996	475
352994	1996	476
823387	1996	477
1011166	1996	478
78716	1996	479
78778	1996	480
877157	1996	481
810628	1996	482
945276	1996	483
923410	1996	484
859917	1996	485
788983	1996	486
79677	1996	487
833374	1996	488
885073	1996	489
927362	1996	490
752743	1996	491
911787	1996	492
920354	1996	493
80718	1996	494
916310	1996	495
916230	1996	496
759726	1996	497
928451	1996	498
710983	1996	499
899823	1996	500
804328	1996	501
869886	1996	502
707668	1996	503
1000368	1996	504
805574	1996	505
874385	1996	506
918021	1996	507
81870	1996	508
773136	1996	509
921915	1996	510
720005	1996	511
1002017	1996	512
357434	1996	513
934737	1996	514
1013467	1996	515
216983	1996	516
216983	1996	517
83402	1996	518
798540	1996	519
901620	1996	520
922204	1996	521
846535	1996	522
783728	1996	523
84279	1996	524
225868	1996	525
230498	1996	526
1019361	1996	527
701856	1996	528
84244	1996	529
771142	1996	530
933157	1996	531
909140	1996	532
762131	1996	533
812482	1996	534
889423	1996	535
86941	1996	536
1009675	1996	537
87565	1996	538
946747	1996	539
791050	1996	540
88296	1996	541
790375	1996	542
88572	1996	543
945127	1996	544
934550	1996	545
914024	1996	546
876621	1996	547
89615	1996	548
90168	1996	549
1000577	1996	550
764667	1996	551
1002044	1996	552
835541	1996	553
1014964	1996	554
925963	1996	555
819437	1996	556
92521	1996	557
718924	1996	558
840827	1996	559
945256	1996	560
808220	1996	561
1002590	1996	562
829224	1996	563
906473	1996	564
761895	1996	565
771790	1996	566
720831	1996	567
795662	1996	568
795662	1996	569
1005291	1996	570
716714	1996	571
824480	1996	572
95045	1996	573
1014669	1996	574
1016872	1996	575
1005210	1996	576
62262	1996	577
900616	1996	578
700664	1996	579
316554	1996	580
824803	1996	581
883241	1996	582
809803	1996	583
901175	1996	584
707606	1996	585
800193	1996	586
357064	1996	587
825411	1996	588
736893	1996	589
312979	1996	590
943822	1996	591
915324	1996	592
110740	1996	593
831641	1996	594
943355	1996	595
864960	1996	596
813895	1996	597
901416	1996	598
875316	1996	599
732240	1996	600
916794	1996	601
61442	1996	602
98544	1996	603
98788	1996	604
834071	1996	605
935036	1996	606
78536	1996	607
99313	1996	608
1012734	1996	609
842906	1996	610
1003539	1996	611
313867	1996	612
1005128	1996	613
357001	1996	614
737203	1996	615
947219	1996	616
895329	1996	617
821538	1996	618
844010	1996	619
933353	1996	620
875657	1996	621
354199	1996	622
890096	1996	623
867963	1996	624
225966	1996	625
740103	1996	626
835270	1996	627
310142	1996	628
879465	1996	629
812075	1996	630
102267	1996	631
922237	1996	632
944302	1996	633
821537	1996	634
812011	1996	635
836429	1996	636
102710	1996	637
79259	1996	638
203527	1996	639
921366	1996	640
28866	1996	641
779681	1996	642
819521	1996	643
310056	1996	644
103595	1996	645
875044	1996	646
946665	1996	647
880446	1996	648
884144	1996	649
831253	1996	650
104207	1996	651
918381	1996	652
935704	1996	653
225998	1996	654
104834	1996	655
104880	1996	656
105076	1996	657
916314	1996	658
58636	1996	659
715073	1996	660
939729	1996	661
106498	1996	662
865436	1996	663
107294	1996	664
1005006	1996	665
847917	1996	666
108215	1996	667
108312	1996	668
841712	1996	669
883905	1996	670
217591	1996	671
849210	1996	672
1005508	1996	673
109156	1996	674
731647	1996	675
887568	1996	676
